<?xml version="1.0" encoding="UTF-8" standalone="no"?>
<!DOCTYPE svg PUBLIC "-//W3C//DTD SVG 20010904//EN"
              "http://www.w3.org/TR/2001/REC-SVG-20010904/DTD/svg10.dtd">

<svg xmlns="http://www.w3.org/2000/svg"
     width="8.64583in" height="3.625in"
     viewBox="0 0 830 348">
  <path id="Sin nombre"
        fill="none" stroke="black" stroke-width="1"
        d="M 449.00,300.00
           C 449.00,300.00 129.00,319.00 129.00,319.00
             129.00,319.00 104.59,320.89 95.33,310.67
             81.53,295.42 81.00,266.00 81.00,266.00
             81.00,266.00 81.51,246.94 74.67,236.67
             67.52,225.95 53.00,224.00 53.00,224.00
             53.00,224.00 37.23,216.66 32.00,205.33
             25.39,191.01 29.00,172.00 29.00,172.00
             29.00,172.00 64.00,112.00 62.00,113.00
             61.49,113.25 66.75,96.74 75.33,94.67
             100.52,88.58 152.00,91.00 152.00,91.00
             152.00,91.00 209.00,91.00 209.00,91.00
             209.00,91.00 247.33,100.69 247.33,118.67
             247.33,129.51 249.77,154.74 242.00,166.00
             231.13,181.73 209.00,182.00 209.00,182.00
             209.00,182.00 154.00,186.00 154.00,186.00
             154.00,186.00 106.00,200.19 106.00,220.00
             106.00,230.30 113.37,256.21 123.33,266.00
             136.83,279.26 154.00,275.00 154.00,275.00
             154.00,275.00 261.00,281.00 261.00,281.00
             261.00,281.00 283.59,276.90 294.00,265.33
             305.98,252.02 306.00,231.00 306.00,231.00
             306.00,231.00 312.00,207.00 312.00,207.00
             312.00,207.00 364.00,114.00 364.00,114.00
             364.00,114.00 379.30,109.35 382.67,100.67
             385.60,93.09 376.67,81.33 376.67,81.33
             376.67,81.33 377.33,66.67 377.33,66.67
             377.33,66.67 376.67,54.00 376.67,54.00
             376.67,54.00 362.67,43.33 362.67,43.33
             362.67,43.33 342.00,47.33 342.00,47.33
             342.00,47.33 350.00,55.33 350.00,55.33" />
</svg>
