<?xml version="1.0" encoding="UTF-8" standalone="no"?>
<!DOCTYPE svg PUBLIC "-//W3C//DTD SVG 20010904//EN"
              "http://www.w3.org/TR/2001/REC-SVG-20010904/DTD/svg10.dtd">

<svg xmlns="http://www.w3.org/2000/svg"
     width="8.64583in" height="3.625in"
     viewBox="0 0 830 348">
  <path id="Sin nombre"
        fill="none" stroke="black" stroke-width="1"
        d="M 462.67,316.67
           C 462.67,316.67 124.67,318.67 124.67,318.67
             124.67,318.67 98.46,310.11 87.33,295.33
             78.37,283.43 84.00,264.67 84.00,264.67
             84.00,264.67 84.22,245.74 75.33,238.00
             66.23,230.07 48.00,233.33 48.00,233.33
             48.00,233.33 34.14,222.56 32.00,209.33
             28.72,189.09 36.67,163.33 36.67,163.33
             36.67,163.33 56.00,111.33 56.00,111.33
             56.00,111.33 73.35,87.92 88.67,84.67
             131.69,75.53 206.67,79.33 206.67,79.33
             206.67,79.33 249.56,97.83 250.00,120.67
             250.20,131.03 258.29,161.40 251.33,171.33
             239.14,188.75 208.67,183.33 208.67,183.33
             208.67,183.33 184.91,183.33 169.31,183.33
             161.68,183.33 156.00,183.33 156.00,183.33
             156.00,183.33 135.15,182.92 121.33,191.33
             108.21,199.33 102.09,215.80 102.00,229.33
             101.93,240.66 112.97,262.81 125.33,274.00
             139.54,286.85 155.33,288.00 155.33,288.00
             155.33,288.00 275.33,280.00 275.33,280.00
             275.33,280.00 292.92,276.64 299.33,266.00
             307.40,252.62 304.67,231.33 304.67,231.33
             304.67,231.33 305.98,213.05 310.00,205.33
             325.43,175.68 364.00,117.33 364.00,117.33
             364.00,117.33 373.90,101.91 390.00,96.00
             406.56,89.92 429.33,93.33 429.33,93.33
             429.33,93.33 455.81,90.32 473.33,98.67
             491.47,107.31 500.67,127.33 500.67,127.33
             500.67,127.33 670.00,238.67 670.00,238.67
             670.00,238.67 689.36,249.90 703.33,247.33
             718.32,244.58 728.00,228.00 728.00,228.00
             728.00,228.00 761.26,202.75 762.00,185.33
             762.45,174.69 756.37,162.97 748.67,156.67
             740.82,150.24 731.33,149.33 731.33,149.33
             731.33,149.33 682.67,127.33 682.67,127.33
             682.67,127.33 646.42,99.38 656.67,80.00
             661.85,70.21 667.05,43.16 680.00,36.00
             701.06,24.36 731.33,35.33 731.33,35.33
             731.33,35.33 780.67,58.00 780.67,58.00
             780.67,58.00 800.65,67.27 803.33,92.00
             805.61,112.96 790.67,150.00 790.67,150.00
             790.67,150.00 788.67,262.67 788.67,262.67
             788.67,262.67 798.44,284.79 796.67,299.33
             795.67,307.54 782.67,312.00 782.67,312.00
             782.67,312.00 774.31,318.59 762.00,320.67
             746.92,323.21 727.33,321.33 727.33,321.33
             727.33,321.33 468.00,318.00 468.00,318.00" />
</svg>
