<?xml version="1.0" encoding="UTF-8" standalone="no"?>
<!DOCTYPE svg PUBLIC "-//W3C//DTD SVG 20010904//EN"
              "http://www.w3.org/TR/2001/REC-SVG-20010904/DTD/svg10.dtd">

<svg xmlns="http://www.w3.org/2000/svg"
     width="13.5417in" height="5.67708in"
     viewBox="0 0 1300 545">
  <path id="coche1"
        fill="none" stroke="black" stroke-width="1"
        d="M 703.00,471.00
           C 703.00,471.00 195.00,502.00 195.00,502.00
             195.00,502.00 111.00,479.00 123.00,426.00
             123.00,426.00 138.00,350.00 80.00,357.00
             80.00,357.00 -5.00,324.00 68.00,260.00
             46.00,267.00 75.00,255.00 75.00,255.00
             75.00,255.00 114.00,193.00 110.00,187.00
             110.00,187.00 118.00,156.00 135.00,152.00
             225.00,127.00 323.00,146.00 323.00,146.00M 333.00,146.00
           C 333.00,146.00 386.27,178.44 386.00,218.00
             385.88,235.76 372.93,263.39 358.00,278.00
             346.43,289.32 332.00,290.00 332.00,290.00
             332.00,290.00 244.00,293.00 244.00,293.00M 234.00,294.00
           C 234.00,294.00 195.89,299.80 178.00,313.00
             158.19,327.61 158.42,350.65 159.00,371.00
             159.34,383.03 173.97,409.39 189.00,420.00
             211.73,436.04 238.00,434.00 238.00,434.00
             238.00,434.00 253.75,440.57 269.00,442.00
             316.60,446.45 409.00,450.00 409.00,450.00M 418.00,448.00
           C 418.00,448.00 448.94,443.84 463.00,422.00
             476.94,400.34 474.00,361.00 474.00,361.00
             474.00,361.00 477.47,332.79 482.00,324.00
             491.76,305.07 507.00,297.00 507.00,297.00M 513.00,293.00
           C 513.00,293.00 556.00,178.00 556.00,178.00
             556.00,178.00 581.42,143.84 612.00,137.00
             658.49,126.60 717.00,142.00 717.00,142.00
             717.00,142.00 758.60,156.44 774.00,165.00
             797.38,177.99 798.00,187.00 798.00,187.00
             798.00,187.00 794.80,212.69 800.00,227.00
             804.78,240.14 818.00,242.00 818.00,242.00
             818.00,242.00 934.87,313.79 1001.00,353.00
             1028.19,369.12 1044.00,376.00 1044.00,376.00M 1055.00,382.00
           C 1055.00,382.00 1074.21,392.24 1093.00,392.00
             1112.69,391.74 1132.00,381.00 1132.00,381.00
             1132.00,381.00 1164.27,350.90 1168.00,318.00
             1172.67,276.83 1175.00,242.00 1149.00,231.00
             1149.00,231.00 1123.33,224.72 1100.00,216.00
             1082.78,209.57 1066.00,200.00 1066.00,200.00
             1066.00,200.00 1046.89,182.90 1046.00,151.00
             1045.64,137.91 1040.18,136.12 1046.00,121.00
             1049.70,111.41 1064.50,86.34 1067.00,82.00
             1086.59,47.99 1138.00,75.00 1138.00,75.00
             1138.00,75.00 1227.00,92.00 1227.00,92.00
             1227.00,92.00 1260.34,126.17 1262.00,133.00
             1271.21,170.92 1269.00,265.00 1269.00,265.00
             1269.00,265.00 1269.00,418.00 1269.00,418.00
             1269.00,418.00 1247.56,444.10 1226.00,456.00
             1204.06,468.10 1182.00,466.00 1182.00,466.00
             1182.00,466.00 1156.13,472.93 1140.00,481.00
             1117.28,492.36 1102.00,506.00 1102.00,506.00
             1102.00,506.00 1102.89,504.19 1077.00,502.00
             976.12,493.46 712.00,473.00 712.00,473.00" />
</svg>
